0.000000
0.000000
0.000000
0.000000
28.000000
28.000000
28.000000
28.000000
56.000000
56.000000
56.000000
56.000000
84.000000
84.000000
84.000000
84.000000
0.000000
0.000000
0.000000
0.000000
28.000000
28.000000
28.000000
28.000000
56.000000
56.000000
56.000000
56.000000
84.000000
84.000000
84.000000
84.000000
112.000000
112.000000
112.000000
112.000000
140.000000
140.000000
140.000000
140.000000
168.000000
168.000000
168.000000
168.000000
196.000000
196.000000
196.000000
196.000000
112.000000
112.000000
112.000000
112.000000
140.000000
140.000000
140.000000
140.000000
168.000000
168.000000
168.000000
168.000000
196.000000
196.000000
196.000000
196.000000
